10110011
10000010
10011111
00000000
00100011
00100001
01101000
11100001
11100011
10000111
01111010
10010110
10110111
01011110
10101110
01111011
10110011
11010001
10000110
01000000
10010011
10010001
11000110
00000001
01101111
01011011
10010011
00101011
10110011
11010010
01000001
01000000
00000011
00010011
11010100
01100111
10100011
10101111
01101010
00011101
00100011
00000111
00111101
11111111
11101111
10010110
01001000
00001001
10000011
10100110
00111000
01011101
00010011
01000011
00110011
00010100
00100011
10000011
01010111
00010110
00001111
00000000
00110000
00000011
